
[14, 11, 18, 14, 11]
[14, 16, 22, 16, 15]
[17, 16, 16, 15, 17]
[17, 20, 26, 17, 18]
[18, 13, 22, 16, 18]
[18, 21, 16, 17, 19]
[18, 31, 17, 19, 18]
[19, 18, 18, 21, 20]
[19, 30, 17, 32, 17]
[20, 17, 17, 24, 18]
[20, 33, 17, 32, 20]
[21, 17, 17, 28, 18]
[21, 18, 19, 18, 20]
[24, 21, 21, 35, 24]
[24, 24, 21, 30, 24]
[25, 25, 23, 22, 29]
[26, 13, 22, 22, 22]
[31, 26, 27, 38, 30]
[92, 44, 58, 77, 90]
[98, 55, 55, 83, 98]
[14, 12, 15, 15, 16]
[18, 13, 20, 18, 17]
[31, 13, 37, 42, 26]
[11, 10, 18, 17, 17]
[19, 14, 27, 16, 22]
[20, 12, 13, 22, 15]
[28, 23, 34, 25, 28]
[29, 22, 38, 27, 31]
[44, 29, 51, 44, 46]
[93, 41, 50, 74, 87]
[89, 37, 47, 43, 60]
[81, 43, 50, 50, 78]
[43, 43, 75, 78, 56]
[59, 75, 59, 91, 59]